V = [0.2852, 0.36366, 0.3975, 0.4356, 0.46235, 0.6056, 0.6133, 0.63115 ]V 1000mV 
I = [1.02, 5.02, 10.50, 24.31, 43.2, 722.5, 829.5, 1414.0]uA 1000uA
