
 ``` 
 FIT RESULT for run0d ---------------------------------------- 

Covariance Matrix:

            	   GaussNorm       Media       Sigma     ExpNorm       Decay      Offset
GaussNorm   	  5.0649e-09 -2.1159e-16 -6.4775e-15  1.0002e-14   5.197e-17  1.3678e-09
Media       	 -2.1159e-16  5.1963e-18  2.2905e-21  -3.138e-22  1.9963e-25 -5.5166e-17
Sigma       	 -6.4775e-15  2.2905e-21  1.0761e-17  4.9022e-20  2.4354e-22  6.8268e-15
ExpNorm     	  1.0002e-14  -3.138e-22  4.9022e-20  5.7422e-10  -2.701e-17   7.112e-15
Decay       	   5.197e-17  1.9963e-25  2.4354e-22  -2.701e-17     8.3e-19  3.7032e-17
Offset      	  1.3678e-09 -5.5166e-17  6.8268e-15   7.112e-15  3.7032e-17  9.7239e-10

Correlation Matrix:

            	   GaussNorm       Media       Sigma     ExpNorm       Decay      Offset
GaussNorm   	           1  -0.0013043   -0.027746  5.8646e-06  0.00080154     0.61634
Media       	  -0.0013043           1   0.0003063 -5.7446e-09  9.6126e-08 -0.00077607
Sigma       	   -0.027746   0.0003063           1  6.2364e-07  8.1492e-05    0.066738
ExpNorm     	  5.8646e-06 -5.7446e-09  6.2364e-07           1  -0.0012372  9.5176e-06
Decay       	  0.00080154  9.6126e-08  8.1492e-05  -0.0012372           1   0.0013035
Offset      	     0.61634 -0.00077607    0.066738  9.5176e-06   0.0013035           1
****************************************
Minimizer is Minuit / Migrad
Chi2                      =  8.05026e-06
NDf                       =          113
Edm                       =  1.03275e-07
NCalls                    =          268
GaussNorm                 =    0.0121174   +/-   0.000391487  	 (limited)
Media                     =  1.89708e-05   +/-   2.27775e-09  	 (limited)
Sigma                     =  4.12661e-06   +/-   5.80611e-09  	 (limited)
ExpNorm                   =   0.00404655   +/-   0.000180952  	 (limited)
Decay                     = -2.75234e-07   +/-   3.71966e-09  	 (limited)
Offset                    =  -0.00465346   +/-   3.11123e-05  	 (limited)
 ``` 
---


 ``` 
 FIT RESULT for run1d ---------------------------------------- 

Covariance Matrix:

            	   GaussNorm       Media       Sigma     ExpNorm       Decay      Offset
GaussNorm   	  9.0501e-10           0           0           0           0           0
Media       	           0  1.0718e-16           0           0           0           0
Sigma       	           0           0  7.0286e-17           0           0           0
ExpNorm     	           0           0           0  4.6663e-15           0           0
Decay       	           0           0           0           0  3.1878e-22           0
Offset      	           0           0           0           0           0  1.5685e-10

Correlation Matrix:

            	   GaussNorm       Media       Sigma     ExpNorm       Decay      Offset
GaussNorm   	           1           0           0           0           0           0
Media       	           0           1           0           0           0           0
Sigma       	           0           0           1           0           0           0
ExpNorm     	           0           0           0           1           0           0
Decay       	           0           0           0           0           1           0
Offset      	           0           0           0           0           0           1
****************************************
Minimizer is Minuit / Migrad
Chi2                      =  8.66066e-06
NDf                       =          232
Edm                       =  4.50607e-08
NCalls                    =          460
GaussNorm                 =    0.0153053   +/-   7.65094e-05  	 (limited)
Media                     =  1.76518e-05   +/-   1.84098e-09  	 (limited)
Sigma                     =  3.72132e-06   +/-   4.71149e-09  	 (limited)
ExpNorm                   =    0.0509299   +/-   9.73154e-06  	 (limited)
Decay                     = -2.20543e-10   +/-   2.65334e-09  	 (limited)
Offset                    =   0.00910711   +/-   1.25152e-05  	 (limited)
 ``` 
---


 ``` 
 FIT RESULT for run2d ---------------------------------------- 

Covariance Matrix:

            	   GaussNorm       Media       Sigma     ExpNorm       Decay      Offset
GaussNorm   	  1.2758e-09           0           0           0           0           0
Media       	           0  9.3801e-17           0           0           0           0
Sigma       	           0           0  6.2237e-17           0           0           0
ExpNorm     	           0           0           0  8.9722e-08           0           0
Decay       	           0           0           0           0  3.5842e-22           0
Offset      	           0           0           0           0           0   2.034e-10

Correlation Matrix:

            	   GaussNorm       Media       Sigma     ExpNorm       Decay      Offset
GaussNorm   	           1           0           0           0           0           0
Media       	           0           1           0           0           0           0
Sigma       	           0           0           1           0           0           0
ExpNorm     	           0           0           0           1           0           0
Decay       	           0           0           0           0           1           0
Offset      	           0           0           0           0           0           1
****************************************
Minimizer is Minuit / Migrad
Chi2                      =  1.12308e-05
NDf                       =          232
Edm                       =  2.23871e-09
NCalls                    =          529
GaussNorm                 =    0.0178656   +/-   8.11397e-05  	 (limited)
Media                     =  1.64059e-05   +/-   1.27213e-09  	 (limited)
Sigma                     =  3.42548e-06   +/-   6.3979e-09   	 (limited)
ExpNorm                   =    0.0509299   +/-   0.000181161  	 (limited)
Decay                     =  -2.0476e-10   +/-   2.82176e-09  	 (limited)
Offset                    =    0.0119227   +/-   1.42518e-05  	 (limited)
 ``` 
---


 ``` 
 FIT RESULT for run3d ---------------------------------------- 

Covariance Matrix:

            	   GaussNorm       Media       Sigma     ExpNorm       Decay      Offset
GaussNorm   	  1.7681e-09           0           0           0           0           0
Media       	           0  5.7382e-17           0           0           0           0
Sigma       	           0           0  3.7825e-17           0           0           0
ExpNorm     	           0           0           0  5.7627e-08           0           0
Decay       	           0           0           0           0  3.5249e-22           0
Offset      	           0           0           0           0           0  3.3625e-10

Correlation Matrix:

            	   GaussNorm       Media       Sigma     ExpNorm       Decay      Offset
GaussNorm   	           1           0           0           0           0           0
Media       	           0           1           0           0           0           0
Sigma       	           0           0           1           0           0           0
ExpNorm     	           0           0           0           1           0           0
Decay       	           0           0           0           0           1           0
Offset      	           0           0           0           0           0           1
****************************************
Minimizer is Minuit / Migrad
Chi2                      =  9.94448e-06
NDf                       =          169
Edm                       =  1.03564e-07
NCalls                    =          675
GaussNorm                 =     0.023614   +/-   7.71649e-05  	 (limited)
Media                     =  1.51246e-05   +/-   1.49223e-09  	 (limited)
Sigma                     =  3.00346e-06   +/-   4.09975e-09  	 (limited)
ExpNorm                   =    0.0509299   +/-   0.000125714  	 (limited)
Decay                     = -1.76603e-10   +/-   2.9186e-09   	 (limited)
Offset                    =    0.0351042   +/-   1.83195e-05  	 (limited)
 ``` 
---


 ``` 
 FIT RESULT for run4d ---------------------------------------- 

Covariance Matrix:

            	   GaussNorm       Media       Sigma     ExpNorm       Decay      Offset
GaussNorm   	  2.1893e-09           0           0           0           0           0
Media       	           0  6.0902e-17           0           0           0           0
Sigma       	           0           0   4.017e-17           0           0           0
ExpNorm     	           0           0           0    8.76e-15           0           0
Decay       	           0           0           0           0  1.4633e-21           0
Offset      	           0           0           0           0           0  4.0046e-10

Correlation Matrix:

            	   GaussNorm       Media       Sigma     ExpNorm       Decay      Offset
GaussNorm   	           1           0           0           0           0           0
Media       	           0           1           0           0           0           0
Sigma       	           0           0           1           0           0           0
ExpNorm     	           0           0           0           1           0           0
Decay       	           0           0           0           0           1           0
Offset      	           0           0           0           0           0           1
****************************************
Minimizer is Minuit / Migrad
Chi2                      =  1.18436e-05
NDf                       =          169
Edm                       =  2.67705e-07
NCalls                    =          470
GaussNorm                 =    0.0245126   +/-   8.43419e-05  	 (limited)
Media                     =  1.43828e-05   +/-   1.44919e-09  	 (limited)
Sigma                     =   2.8922e-06   +/-   5.81492e-09  	 (limited)
ExpNorm                   =    0.0509299   +/-   1.33336e-05  	 (limited)
Decay                     = -6.52519e-10   +/-   2.99816e-09  	 (limited)
Offset                    =    0.0131552   +/-   1.99924e-05  	 (limited)
 ``` 
---


 ``` 
 FIT RESULT for run5d ---------------------------------------- 

Covariance Matrix:

            	   GaussNorm       Media       Sigma     ExpNorm       Decay      Offset
GaussNorm   	  2.6372e-09           0           0           0           0           0
Media       	           0  4.4172e-17           0           0           0           0
Sigma       	           0           0  2.9146e-17           0           0           0
ExpNorm     	           0           0           0  7.6285e-08           0           0
Decay       	           0           0           0           0  6.7864e-23           0
Offset      	           0           0           0           0           0  4.4512e-10

Correlation Matrix:

            	   GaussNorm       Media       Sigma     ExpNorm       Decay      Offset
GaussNorm   	           1           0           0           0           0           0
Media       	           0           1           0           0           0           0
Sigma       	           0           0           1           0           0           0
ExpNorm     	           0           0           0           1           0           0
Decay       	           0           0           0           0           1           0
Offset      	           0           0           0           0           0           1
****************************************
Minimizer is Minuit / Migrad
Chi2                      =  1.31643e-05
NDf                       =          169
Edm                       =  5.14952e-07
NCalls                    =          604
GaussNorm                 =      0.02915   +/-   8.10373e-05  	 (limited)
Media                     =  1.34652e-05   +/-   1.75868e-09  	 (limited)
Sigma                     =  2.66816e-06   +/-   6.69777e-09  	 (limited)
ExpNorm                   =    0.0509299   +/-   0.000144641  	 (limited)
Decay                     = -2.89635e-11   +/-   2.98744e-09  	 (limited)
Offset                    =     0.024938   +/-   2.10777e-05  	 (limited)
 ``` 
---


 ``` 
 FIT RESULT for run6d ---------------------------------------- 

Covariance Matrix:

            	   GaussNorm       Media       Sigma     ExpNorm       Decay      Offset
GaussNorm   	  1.0459e-08  4.5841e-15 -2.9532e-13           0  2.4576e-14  1.4362e-09
Media       	  4.5841e-15  6.2549e-17 -4.2123e-19           0 -1.4686e-19 -1.1889e-15
Sigma       	 -2.9532e-13 -4.2123e-19  8.0975e-17           0 -2.5845e-18  1.8404e-13
ExpNorm     	           0           0           0  1.7257e-10           0           0
Decay       	  2.4576e-14 -1.4686e-19 -2.5845e-18           0  4.8858e-16  9.7235e-15
Offset      	  1.4362e-09 -1.1889e-15  1.8404e-13           0  9.7235e-15   1.872e-09

Correlation Matrix:

            	   GaussNorm       Media       Sigma     ExpNorm       Decay      Offset
GaussNorm   	           1   0.0056675     -0.3209           0    0.010871     0.32458
Media       	   0.0056675           1  -0.0059188           0 -0.00084009  -0.0034746
Sigma       	     -0.3209  -0.0059188           1           0   -0.012994     0.47271
ExpNorm     	           0           0           0           1           0           0
Decay       	    0.010871 -0.00084009   -0.012994           0           1    0.010167
Offset      	     0.32458  -0.0034746     0.47271           0    0.010167           1
****************************************
Minimizer is Minuit / Migrad
Chi2                      =   2.9179e-05
NDf                       =          169
Edm                       =   2.7083e-08
NCalls                    =          457
GaussNorm                 =    0.0344658   +/-   0.000182582  	 (limited)
Media                     =   1.2721e-05   +/-   3.05157e-09  	 (limited)
Sigma                     =  2.49354e-06   +/-   6.34679e-09  	 (limited)
ExpNorm                   =       0.0005   +/-   0.000290765  	 (limited)
Decay                     = -5.02853e-09   +/-   5.39135e-09  	 (limited)
Offset                    =    0.0117903   +/-   4.31879e-05  	 (limited)
 ``` 
---


 ``` 
 FIT RESULT for run7d ---------------------------------------- 

Covariance Matrix:

            	   GaussNorm       Media       Sigma     ExpNorm       Decay      Offset
GaussNorm   	  7.8165e-09  2.2491e-14 -1.6342e-13 -1.1115e-12  8.9455e-13  1.0933e-09
Media       	  2.2491e-14  3.4662e-17 -7.6979e-19    4.88e-17 -7.9211e-17  2.5888e-15
Sigma       	 -1.6342e-13 -7.6979e-19  4.6935e-17  8.4802e-17 -1.1902e-16  1.2678e-13
ExpNorm     	 -1.1115e-12    4.88e-17  8.4802e-17  1.1375e-10  3.6593e-16  1.6553e-13
Decay       	  8.9455e-13 -7.9211e-17 -1.1902e-16  3.6593e-16  5.1613e-14 -5.9733e-13
Offset      	  1.0933e-09  2.5888e-15  1.2678e-13  1.6553e-13 -5.9733e-13  1.3825e-09

Correlation Matrix:

            	   GaussNorm       Media       Sigma     ExpNorm       Decay      Offset
GaussNorm   	           1     0.04321    -0.26981  -0.0011788    0.044537     0.33259
Media       	     0.04321           1   -0.019085  0.00077718   -0.059222    0.011826
Sigma       	    -0.26981   -0.019085           1   0.0011606   -0.076468     0.49772
ExpNorm     	  -0.0011788  0.00077718   0.0011606           1  0.00015102  0.00041742
Decay       	    0.044537   -0.059222   -0.076468  0.00015102           1   -0.070715
Offset      	     0.33259    0.011826     0.49772  0.00041742   -0.070715           1
****************************************
Minimizer is Minuit / Migrad
Chi2                      =  1.78748e-05
NDf                       =          157
Edm                       =  2.67673e-07
NCalls                    =          456
GaussNorm                 =    0.0382127   +/-   0.000151552  	 (limited)
Media                     =  1.20565e-05   +/-   2.43428e-09  	 (limited)
Sigma                     =  2.36713e-06   +/-   4.43806e-09  	 (limited)
ExpNorm                   =  0.000499806   +/-   0.000236115  	 (limited)
Decay                     = -6.71964e-07   +/-   3.0449e-09   	 (limited)
Offset                    =   0.00440641   +/-   3.71065e-05  	 (limited)
 ``` 
---


 ``` 
 FIT RESULT for run8d ---------------------------------------- 

Covariance Matrix:

            	   GaussNorm       Media       Sigma     ExpNorm       Decay      Offset
GaussNorm   	  1.0991e-08 -1.0557e-16 -1.1728e-14 -3.6423e-16  7.5109e-18  2.3015e-09
Media       	 -1.0557e-16  4.4244e-18 -1.1532e-21 -2.2765e-22  4.6944e-24  -2.654e-17
Sigma       	 -1.1728e-14 -1.1532e-21  2.1406e-18 -7.8096e-22  1.6104e-23  6.2597e-15
ExpNorm     	 -3.6423e-16 -2.2765e-22 -7.8096e-22  1.8813e-10 -2.1248e-17 -2.7076e-16
Decay       	  7.5109e-18  4.6944e-24  1.6104e-23 -2.1248e-17  4.3815e-19  5.5833e-18
Offset      	  2.3015e-09  -2.654e-17  6.2597e-15 -2.7076e-16  5.5833e-18  1.6688e-09

Correlation Matrix:

            	   GaussNorm       Media       Sigma     ExpNorm       Decay      Offset
GaussNorm   	           1 -0.00047875   -0.076464 -2.5331e-07  0.00010824     0.53739
Media       	 -0.00047875           1 -0.00037471 -7.8907e-09  3.3716e-06 -0.00030886
Sigma       	   -0.076464 -0.00037471           1 -3.8916e-08  1.6629e-05     0.10473
ExpNorm     	 -2.5331e-07 -7.8907e-09 -3.8916e-08           1  -0.0023403 -4.8322e-07
Decay       	  0.00010824  3.3716e-06  1.6629e-05  -0.0023403           1  0.00020648
Offset      	     0.53739 -0.00030886     0.10473 -4.8322e-07  0.00020648           1
****************************************
Minimizer is Minuit / Migrad
Chi2                      =  2.95508e-05
NDf                       =          157
Edm                       =  6.64678e-08
NCalls                    =          428
GaussNorm                 =    0.0424774   +/-   0.000149095  	 (limited)
Media                     =   1.1541e-05   +/-   2.22304e-09  	 (limited)
Sigma                     =  2.22977e-06   +/-   7.38202e-09  	 (limited)
ExpNorm                   =       0.0005   +/-   0.000303588  	 (limited)
Decay                     = -8.82308e-08   +/-   3.84917e-09  	 (limited)
Offset                    =   0.00144203   +/-   4.07911e-05  	 (limited)
 ``` 
---


 ``` 
 FIT RESULT for run9d ---------------------------------------- 

Covariance Matrix:

            	   GaussNorm       Media       Sigma     ExpNorm       Decay      Offset
GaussNorm   	  6.6414e-09  1.2662e-15 -1.1476e-13  3.8165e-11 -9.7914e-12  5.2027e-10
Media       	  1.2662e-15  1.7652e-17 -8.1849e-19  1.9883e-13 -5.2068e-16  4.4984e-14
Sigma       	 -1.1476e-13 -8.1849e-19  2.0584e-17  -8.888e-14 -2.1712e-16   3.838e-14
ExpNorm     	  3.8165e-11  1.9883e-13  -8.888e-14   2.115e-08 -4.5413e-11  5.1909e-09
Decay       	 -9.7914e-12 -5.2068e-16 -2.1712e-16 -4.5413e-11  9.7699e-13  2.3111e-11
Offset      	  5.2027e-10  4.4984e-14   3.838e-14  5.1909e-09  2.3111e-11  3.8455e-09

Correlation Matrix:

            	   GaussNorm       Media       Sigma     ExpNorm       Decay      Offset
GaussNorm   	           1   0.0036982     -0.3104   0.0032202    -0.12155     0.10295
Media       	   0.0036982           1    -0.04294     0.32541    -0.12538     0.17266
Sigma       	     -0.3104    -0.04294           1    -0.13471   -0.048416     0.13642
ExpNorm     	   0.0032202     0.32541    -0.13471           1    -0.31593     0.57559
Decay       	    -0.12155    -0.12538   -0.048416    -0.31593           1     0.37705
Offset      	     0.10295     0.17266     0.13642     0.57559     0.37705           1
****************************************
Minimizer is Minuit / Migrad
Chi2                      =  1.26958e-05
NDf                       =          138
Edm                       =  1.76409e-06
NCalls                    =          209
GaussNorm                 =    0.0470798   +/-   0.00011627   	 (limited)
Media                     =  1.10635e-05   +/-   2.04148e-09  	 (limited)
Sigma                     =  2.11594e-06   +/-   6.83171e-09  	 (limited)
ExpNorm                   =   0.00191988   +/-   0.000237023  	 (limited)
Decay                     = -1.12732e-05   +/-   2.00887e-09  	 (limited)
Offset                    =   -0.0125886   +/-   6.15806e-05  	 (limited)
 ``` 
---


 ``` 
 FIT RESULT for run10d ---------------------------------------- 

Covariance Matrix:

            	   GaussNorm       Media       Sigma     ExpNorm       Decay      Offset
GaussNorm   	  9.2161e-09 -6.5814e-15 -1.3493e-13 -9.7292e-10 -5.0765e-12  5.8361e-10
Media       	 -6.5814e-15  1.7444e-17 -1.1498e-18  2.1305e-13 -1.4235e-16  6.4535e-14
Sigma       	 -1.3493e-13 -1.1498e-18   1.813e-17 -1.4479e-13 -1.3568e-16  2.6381e-14
ExpNorm     	 -9.7292e-10  2.1305e-13 -1.4479e-13  2.7844e-08 -9.1877e-12  8.8359e-09
Decay       	 -5.0765e-12 -1.4235e-16 -1.3568e-16 -9.1877e-12  5.6951e-13  1.8319e-11
Offset      	  5.8361e-10  6.4535e-14  2.6381e-14  8.8359e-09  1.8319e-11  5.1937e-09

Correlation Matrix:

            	   GaussNorm       Media       Sigma     ExpNorm       Decay      Offset
GaussNorm   	           1   -0.016414    -0.33009   -0.060736   -0.070071    0.084355
Media       	   -0.016414           1   -0.064656      0.3057   -0.045164      0.2144
Sigma       	    -0.33009   -0.064656           1     -0.2038   -0.042225    0.085971
ExpNorm     	   -0.060736      0.3057     -0.2038           1   -0.072961     0.73477
Decay       	   -0.070071   -0.045164   -0.042225   -0.072961           1     0.33682
Offset      	    0.084355      0.2144    0.085971     0.73477     0.33682           1
****************************************
Minimizer is Minuit / Migrad
Chi2                      =  1.68976e-05
NDf                       =          138
Edm                       =  1.12051e-06
NCalls                    =          382
GaussNorm                 =    0.0529135   +/-   0.000124434  	 (limited)
Media                     =  1.06716e-05   +/-   2.10063e-09  	 (limited)
Sigma                     =  2.00897e-06   +/-   6.12516e-09  	 (limited)
ExpNorm                   =    0.0020014   +/-   0.000297385  	 (limited)
Decay                     = -1.16592e-05   +/-   3.22528e-09  	 (limited)
Offset                    =   -0.0253174   +/-   7.15586e-05  	 (limited)
 ``` 
---


 ``` 
 FIT RESULT for run0v ---------------------------------------- 

Covariance Matrix:

            	   GaussNorm       Media       Sigma     ExpNorm       Decay      Offset
GaussNorm   	  5.9467e-07  3.7618e-13 -2.0682e-18 -9.6421e-11  5.1357e-18  2.3925e-07
Media       	  3.7618e-13  8.2119e-17 -3.5274e-24  7.9239e-16  1.4727e-23  3.1906e-13
Sigma       	 -2.0682e-18 -3.5274e-24  8.2559e-23  -1.338e-21  1.4169e-29  4.7375e-18
ExpNorm     	 -9.6421e-11  7.9239e-16  -1.338e-21  2.9899e-10  2.0357e-18  6.8942e-11
Decay       	  5.1357e-18  1.4727e-23  1.4169e-29  2.0357e-18  1.9641e-17 -1.1305e-17
Offset      	  2.3925e-07  3.1906e-13  4.7375e-18  6.8942e-11 -1.1305e-17  1.7506e-07

Correlation Matrix:

            	   GaussNorm       Media       Sigma     ExpNorm       Decay      Offset
GaussNorm   	           1    0.053832 -0.00029517  -0.0072311  1.5027e-06      0.7415
Media       	    0.053832           1  -4.284e-05   0.0050569   3.667e-07    0.084151
Sigma       	 -0.00029517  -4.284e-05           1 -8.5164e-06  3.5188e-10   0.0012462
ExpNorm     	  -0.0072311   0.0050569 -8.5164e-06           1  2.6564e-05   0.0095293
Decay       	  1.5027e-06   3.667e-07  3.5188e-10  2.6564e-05           1 -6.0968e-06
Offset      	      0.7415    0.084151   0.0012462   0.0095293 -6.0968e-06           1
****************************************
Minimizer is Minuit / Migrad
Chi2                      =    0.0108669
NDf                       =          369
Edm                       =   1.2466e-06
NCalls                    =          358
GaussNorm                 =     0.116851   +/-   0.000771143  	 (limited)
Media                     =  5.53093e-06   +/-   7.72837e-09  	 (limited)
Sigma                     =        2e-06   +/-   4.2991e-08   	 (limited)
ExpNorm                   =   5.9197e-06   +/-   0.00371334   	 (limited)
Decay                     = -5.86313e-06   +/-   2.11643e-08  	 (limited)
Offset                    =   -0.0406372   +/-   0.00041799   	 (limited)
 ``` 
---


 ``` 
 FIT RESULT for run1v ---------------------------------------- 

Covariance Matrix:

            	   GaussNorm       Media       Sigma     ExpNorm       Decay      Offset
GaussNorm   	  1.2916e-07  8.2308e-15 -3.1923e-19   4.351e-20  1.4214e-20   4.607e-08
Media       	  8.2308e-15  3.8813e-17 -1.9561e-25  7.5643e-26  2.6789e-26  6.0828e-15
Sigma       	 -3.1923e-19 -1.9561e-25  9.2729e-23  6.4168e-30  2.6989e-31  1.4276e-18
ExpNorm     	   4.351e-20  7.5643e-26  6.4168e-30   1.191e-06  2.2539e-20  3.1556e-20
Decay       	  1.4214e-20  2.6789e-26  2.6989e-31  2.2539e-20  8.5866e-18  1.0314e-20
Offset      	   4.607e-08  6.0828e-15  1.4276e-18  3.1556e-20  1.0314e-20  3.2631e-08

Correlation Matrix:

            	   GaussNorm       Media       Sigma     ExpNorm       Decay      Offset
GaussNorm   	           1   0.0036762 -9.2245e-05  1.1094e-13  1.3498e-08     0.70965
Media       	   0.0036762           1 -3.2606e-06  1.1126e-14  1.4674e-09    0.005405
Sigma       	 -9.2245e-05 -3.2606e-06           1  6.1059e-16  9.5646e-12  0.00082072
ExpNorm     	  1.1094e-13  1.1126e-14  6.1059e-16           1  7.0481e-09  1.6007e-13
Decay       	  1.3498e-08  1.4674e-09  9.5646e-12  7.0481e-09           1  1.9486e-08
Offset      	     0.70965    0.005405  0.00082072  1.6007e-13  1.9486e-08           1
****************************************
Minimizer is Minuit / Migrad
Chi2                      =   0.00306838
NDf                       =          432
Edm                       =  4.68278e-08
NCalls                    =          402
GaussNorm                 =    0.0829377   +/-   0.000359382  	 (limited)
Media                     =  7.84509e-06   +/-   5.3412e-09   	 (limited)
Sigma                     =        2e-06   +/-   2.5582e-08   	 (limited)
ExpNorm                   =    0.0923746   +/-   0.0014099    	 (limited)
Decay                     = -7.41685e-08   +/-   1.44771e-08  	 (limited)
Offset                    =   -0.0586546   +/-   0.000180501  	 (limited)
 ``` 
---


 ``` 
 FIT RESULT for run2v ---------------------------------------- 

Covariance Matrix:

            	   GaussNorm       Media       Sigma     ExpNorm       Decay      Offset
GaussNorm   	  3.1206e-08  6.8283e-14 -9.0372e-19  4.3544e-08 -1.3968e-12  1.2885e-08
Media       	  6.8283e-14  3.1115e-17  1.0856e-23 -1.4395e-12 -3.0658e-16  1.1402e-13
Sigma       	 -9.0372e-19  1.0856e-23  1.1311e-21  6.8667e-17  3.5666e-21  1.3528e-17
ExpNorm     	  4.3544e-08 -1.4395e-12  6.8667e-17  1.8453e-06  2.0594e-10 -1.5478e-09
Decay       	 -1.3968e-12 -3.0658e-16  3.5666e-21  2.0594e-10  3.1861e-14 -7.0488e-12
Offset      	  1.2885e-08  1.1402e-13  1.3528e-17 -1.5478e-09 -7.0488e-12  1.1038e-08

Correlation Matrix:

            	   GaussNorm       Media       Sigma     ExpNorm       Decay      Offset
GaussNorm   	           1    0.069295 -0.00015211     0.18146   -0.044298     0.69429
Media       	    0.069295           1  5.7865e-05    -0.18998    -0.30791     0.19457
Sigma       	 -0.00015211  5.7865e-05           1    0.001503  0.00059412   0.0038287
ExpNorm     	     0.18146    -0.18998    0.001503           1     0.84937   -0.010846
Decay       	   -0.044298    -0.30791  0.00059412     0.84937           1    -0.37588
Offset      	     0.69429     0.19457   0.0038287   -0.010846    -0.37588           1
****************************************
Minimizer is Minuit / Migrad
Chi2                      =  0.000785169
NDf                       =          494
Edm                       =  5.74568e-07
NCalls                    =          622
GaussNorm                 =    0.0632413   +/-   0.000176653  	 (limited)
Media                     =  1.02549e-05   +/-   5.73048e-09  	 (limited)
Sigma                     =        2e-06   +/-   1.23027e-08  	 (limited)
ExpNorm                   =     0.011705   +/-   0.00123127   	 (limited)
Decay                     = -2.15747e-06   +/-   1.15528e-08  	 (limited)
Offset                    =   -0.0477575   +/-   0.000104938  	 (limited)
 ``` 
---


 ``` 
 FIT RESULT for run3v ---------------------------------------- 
****************************************
         Invalid FitResult  (status = 4 )
****************************************
Minimizer is Minuit / Migrad
Chi2                      =  0.000986078
NDf                       =          557
Edm                       =  0.000142304
NCalls                    =          511
GaussNorm                 =     0.053002   +/-   0.000182314  	 (limited)
Media                     =  1.22628e-05   +/-   7.287e-09    	 (limited)
Sigma                     =  2.00001e-06   +/-   1.57771e-08  	 (limited)
ExpNorm                   =    0.0517509   +/-   0.000762588  	 (limited)
Decay                     = -6.61396e-07   +/-   1.53259e-08  	 (limited)
Offset                    =   -0.0401172   +/-   9.28214e-05  	 (limited)
 ``` 
---


 ``` 
 FIT RESULT for run4v ---------------------------------------- 

Covariance Matrix:

            	   GaussNorm       Media       Sigma     ExpNorm       Decay      Offset
GaussNorm   	  3.0602e-09 -1.0669e-16 -1.3887e-16  4.1625e-07 -1.0944e-13  6.9866e-10
Media       	 -1.0669e-16  9.0311e-18 -3.0548e-22 -1.6291e-14  4.2782e-21 -2.7358e-17
Sigma       	 -1.3887e-16 -3.0548e-22  1.2583e-20  4.8774e-14 -1.2824e-20  8.1865e-17
ExpNorm     	  4.1625e-07 -1.6291e-14  4.8774e-14    0.028008   1.568e-09  2.9498e-07
Decay       	 -1.0944e-13  4.2782e-21 -1.2824e-20   1.568e-09  3.7695e-16  -7.756e-14
Offset      	  6.9866e-10 -2.7358e-17  8.1865e-17  2.9498e-07  -7.756e-14  4.9511e-10

Correlation Matrix:

            	   GaussNorm       Media       Sigma     ExpNorm       Decay      Offset
GaussNorm   	           1  -0.0006418    -0.02238    0.044961     -0.1019      0.5676
Media       	  -0.0006418           1 -0.00090617 -3.2392e-05  7.3324e-05 -0.00040914
Sigma       	    -0.02238 -0.00090617           1   0.0025981  -0.0058883    0.032798
ExpNorm     	    0.044961 -3.2392e-05   0.0025981           1     0.48257    0.079213
Decay       	     -0.1019  7.3324e-05  -0.0058883     0.48257           1    -0.17953
Offset      	      0.5676 -0.00040914    0.032798    0.079213    -0.17953           1
****************************************
Minimizer is Minuit / Migrad
Chi2                      =  0.000163451
NDf                       =          713
Edm                       =  3.34433e-06
NCalls                    =          753
GaussNorm                 =    0.0423277   +/-   5.53184e-05  	 (limited)
Media                     =  1.43845e-05   +/-   3.048e-09    	 (limited)
Sigma                     =  2.00003e-06   +/-   1.01565e-08  	 (limited)
ExpNorm                   =     0.531389   +/-   0.000268477  	 (limited)
Decay                     = -3.08171e-07   +/-   3.79913e-09  	 (limited)
Offset                    =   -0.0738551   +/-   2.22431e-05  	 (limited)
 ``` 
---


 ``` 
 FIT RESULT for run5v ---------------------------------------- 

Covariance Matrix:

            	   GaussNorm       Media       Sigma     ExpNorm       Decay      Offset
GaussNorm   	   1.951e-09  1.5539e-15 -5.1104e-14   7.692e-07  2.6993e-14  1.8397e-10
Media       	  1.5539e-15  7.1219e-18 -2.4636e-19 -2.6778e-12 -9.3968e-20 -6.4046e-16
Sigma       	 -5.1104e-14 -2.4636e-19  8.2935e-18  9.1122e-11  3.1977e-18  2.1794e-14
ExpNorm     	   7.692e-07 -2.6778e-12  9.1122e-11     0.62182  2.7872e-08  1.1799e-06
Decay       	  2.6993e-14 -9.3968e-20  3.1977e-18  2.7872e-08  3.0989e-15  4.1404e-14
Offset      	  1.8397e-10 -6.4046e-16  2.1794e-14  1.1799e-06  4.1404e-14   2.822e-10

Correlation Matrix:

            	   GaussNorm       Media       Sigma     ExpNorm       Decay      Offset
GaussNorm   	           1    0.013182    -0.40176    0.022084    0.010978     0.24794
Media       	    0.013182           1   -0.032056  -0.0012725 -0.00063253   -0.014286
Sigma       	    -0.40176   -0.032056           1    0.040126    0.019946      0.4505
ExpNorm     	    0.022084  -0.0012725    0.040126           1     0.63494    0.089069
Decay       	    0.010978 -0.00063253    0.019946     0.63494           1    0.044276
Offset      	     0.24794   -0.014286      0.4505    0.089069    0.044276           1
****************************************
Minimizer is Minuit / Migrad
Chi2                      =  0.000106442
NDf                       =          807
Edm                       =  9.52341e-07
NCalls                    =          593
GaussNorm                 =    0.0366326   +/-   4.41696e-05  	 (limited)
Media                     =  1.70084e-05   +/-   2.74503e-09  	 (limited)
Sigma                     =  2.00881e-06   +/-   8.67954e-09  	 (limited)
ExpNorm                   =     0.192948   +/-   0.000320359  	 (limited)
Decay                     = -2.23136e-07   +/-   6.27096e-09  	 (limited)
Offset                    =    -0.046349   +/-   1.67927e-05  	 (limited)
 ``` 
---


 ``` 
 FIT RESULT for run6v ---------------------------------------- 

Covariance Matrix:

            	   GaussNorm       Media       Sigma     ExpNorm       Decay      Offset
GaussNorm   	  1.3723e-09  5.5842e-15 -4.1301e-15  8.5063e-10  2.3046e-13  6.3469e-10
Media       	  5.5842e-15  5.7695e-18  1.7956e-20  3.1733e-14 -2.3385e-18  1.6686e-14
Sigma       	 -4.1301e-15  1.7956e-20  6.9789e-19  7.6184e-15  1.9393e-18  5.8685e-15
ExpNorm     	  8.5063e-10  3.1733e-14  7.6184e-15   4.959e-09 -3.6543e-13   2.624e-09
Decay       	  2.3046e-13 -2.3385e-18  1.9393e-18 -3.6543e-13  2.4802e-14 -1.1504e-12
Offset      	  6.3469e-10  1.6686e-14  5.8685e-15   2.624e-09 -1.1504e-12  1.5803e-09

Correlation Matrix:

            	   GaussNorm       Media       Sigma     ExpNorm       Decay      Offset
GaussNorm   	           1    0.062758    -0.13346     0.32608    0.039504     0.43099
Media       	    0.062758           1   0.0089486     0.18761  -0.0061819     0.17475
Sigma       	    -0.13346   0.0089486           1      0.1295     0.01474     0.17671
ExpNorm     	     0.32608     0.18761      0.1295           1   -0.032951     0.93735
Decay       	    0.039504  -0.0061819     0.01474   -0.032951           1    -0.18376
Offset      	     0.43099     0.17475     0.17671     0.93735    -0.18376           1
****************************************
Minimizer is Minuit / Migrad
Chi2                      =  8.47899e-05
NDf                       =          869
Edm                       =  8.01302e-07
NCalls                    =          500
GaussNorm                 =    0.0354746   +/-   3.70444e-05  	 (limited)
Media                     =  1.86857e-05   +/-   2.60368e-09  	 (limited)
Sigma                     =  2.00084e-06   +/-   6.14176e-09  	 (limited)
ExpNorm                   =  0.000283881   +/-   0.000178833  	 (limited)
Decay                     = -1.91368e-05   +/-   5.61832e-09  	 (limited)
Offset                    =   -0.0218906   +/-   3.96456e-05  	 (limited)
 ``` 
---


 ``` 
 FIT RESULT for run7v ---------------------------------------- 

Covariance Matrix:

            	   GaussNorm       Media       Sigma     ExpNorm       Decay      Offset
GaussNorm   	  7.8427e-10 -3.6229e-17  1.2437e-15  3.5846e-12 -7.3023e-17  1.3213e-10
Media       	 -3.6229e-17  2.6875e-18  3.2342e-21  5.2119e-18 -1.6003e-22 -1.4267e-17
Sigma       	  1.2437e-15  3.2342e-21  2.4346e-19 -1.1056e-17   2.224e-22 -4.1882e-16
ExpNorm     	  3.5846e-12  5.2119e-18 -1.1056e-17  2.8503e-11  2.4756e-18  2.6885e-12
Decay       	 -7.3023e-17 -1.6003e-22   2.224e-22  2.4756e-18  8.3312e-18 -5.5694e-17
Offset      	  1.3213e-10 -1.4267e-17 -4.1882e-16  2.6885e-12 -5.5694e-17  9.5621e-11

Correlation Matrix:

            	   GaussNorm       Media       Sigma     ExpNorm       Decay      Offset
GaussNorm   	           1 -0.00078913    0.090004    0.023975 -0.00090339     0.48249
Media       	 -0.00078913           1   0.0039984  0.00059549  -3.382e-05    -0.00089
Sigma       	    0.090004   0.0039984           1  -0.0041972  0.00015616   -0.086804
ExpNorm     	    0.023975  0.00059549  -0.0041972           1  0.00016065    0.051497
Decay       	 -0.00090339  -3.382e-05  0.00015616  0.00016065           1  -0.0019732
Offset      	     0.48249    -0.00089   -0.086804    0.051497  -0.0019732           1
****************************************
Minimizer is Minuit / Migrad
Chi2                      =  6.26088e-05
NDf                       =          932
Edm                       =   8.9428e-08
NCalls                    =          365
GaussNorm                 =    0.0315364   +/-   2.80046e-05  	 (limited)
Media                     =  2.07965e-05   +/-   1.39645e-09  	 (limited)
Sigma                     =  2.06317e-06   +/-   5.63984e-09  	 (limited)
ExpNorm                   =  0.000213627   +/-   0.000182088  	 (limited)
Decay                     = -3.49188e-06   +/-   4.54209e-09  	 (limited)
Offset                    =  -0.00252628   +/-   9.77627e-06  	 (limited)
 ``` 
---


 ``` 
 FIT RESULT for run8v ---------------------------------------- 
****************************************
         Invalid FitResult  (status = 4 )
****************************************
Minimizer is Minuit / Migrad
Chi2                      =  4.84046e-05
NDf                       =         1025
Edm                       =   0.00302213
NCalls                    =          486
GaussNorm                 =     0.026595   +/-   1.68803e-05  	 (limited)
Media                     =  2.31769e-05   +/-   1.3164e-09   	 (limited)
Sigma                     =  2.14435e-06   +/-   4.65453e-09  	 (limited)
ExpNorm                   =   0.00527721   +/-   0.000114245  	 (limited)
Decay                     =  -4.5791e-08   +/-   3.3567e-09   	 (limited)
Offset                    =   -0.0254926   +/-   4.8721e-06   	 (limited)
 ``` 
---


 ``` 
 FIT RESULT for run9v ---------------------------------------- 

Covariance Matrix:

            	   GaussNorm       Media       Sigma     ExpNorm       Decay      Offset
GaussNorm   	  4.0723e-10  3.6667e-16 -1.3239e-14 -7.3896e-09  5.6957e-14  2.7387e-11
Media       	  3.6667e-16   4.811e-18  -1.134e-19  2.7832e-14 -2.1452e-19 -1.0315e-16
Sigma       	 -1.3239e-14  -1.134e-19  4.1414e-18 -1.0209e-12  7.8686e-18  3.7835e-15
ExpNorm     	 -7.3896e-09  2.7832e-14 -1.0209e-12   0.0020063 -1.3296e-08 -1.1618e-08
Decay       	  5.6957e-14 -2.1452e-19  7.8686e-18 -1.3296e-08  8.8421e-14   8.955e-14
Offset      	  2.7387e-11 -1.0315e-16  3.7835e-15 -1.1618e-08   8.955e-14  4.3059e-11

Correlation Matrix:

            	   GaussNorm       Media       Sigma     ExpNorm       Decay      Offset
GaussNorm   	           1    0.008284    -0.32239  -0.0081754   0.0094919     0.20682
Media       	    0.008284           1   -0.025405  0.00028329 -0.00032891  -0.0071667
Sigma       	    -0.32239   -0.025405           1     -0.0112    0.013003     0.28333
ExpNorm     	  -0.0081754  0.00028329     -0.0112           1    -0.99825   -0.039528
Decay       	   0.0094919 -0.00032891    0.013003    -0.99825           1    0.045894
Offset      	     0.20682  -0.0071667     0.28333   -0.039528    0.045894           1
****************************************
Minimizer is Minuit / Migrad
Chi2                      =  6.24174e-05
NDf                       =         1119
Edm                       =  2.01783e-06
NCalls                    =          662
GaussNorm                 =    0.0253548   +/-   2.01797e-05  	 (limited)
Media                     =  2.53466e-05   +/-   2.68763e-09  	 (limited)
Sigma                     =  2.18062e-06   +/-   8.46952e-09  	 (limited)
ExpNorm                   =     0.016244   +/-   0.000180568  	 (limited)
Decay                     = -5.17719e-07   +/-   3.86404e-09  	 (limited)
Offset                    =   -0.0328855   +/-   6.56107e-06  	 (limited)
 ``` 
---


 ``` 
 FIT RESULT for run10v ---------------------------------------- 

Covariance Matrix:

            	   GaussNorm       Media       Sigma     ExpNorm       Decay      Offset
