
 ``` 
 FIT RESULT for run0d ---------------------------------------- 
****************************************
Minimizer is Minuit / Migrad
Chi2                      =  6.12447e-06
NDf                       =          113
Edm                       =  7.17793e-07
NCalls                    =          380
p0                        =    0.0122969   +/-   0.000375925  	 (limited)
p1                        =  1.89652e-05   +/-   1.93379e-09  	 (limited)
p2                        =  4.15159e-06   +/-   5.69342e-09  	 (limited)
p3                        =  0.000985314   +/-   0.000144804  	 (limited)
p4                        = -6.71834e-06   +/-   3.18392e-09  	 (limited)
p5                        =  -0.00444784   +/-   4.92676e-05  	 (limited)

Covariance Matrix:

            	          p0          p1          p2          p3          p4          p5
p0          	   4.305e-09  7.7128e-14 -4.4779e-13 -1.4374e-09 -4.5261e-12  1.0981e-09
p1          	  7.7128e-14  7.7144e-16  -2.917e-17  1.2639e-13 -2.4938e-14  5.6083e-13
p2          	 -4.4779e-13  -2.917e-17  8.5484e-16 -6.7208e-13  9.4913e-15  4.3487e-13
p3          	 -1.4374e-09  1.2639e-13 -6.7208e-13  1.6811e-08 -8.7824e-11 -9.8299e-10
p4          	 -4.5261e-12 -2.4938e-14  9.4913e-15 -8.7824e-11  3.0347e-12 -5.3109e-11
p5          	  1.0981e-09  5.6083e-13  4.3487e-13 -9.8299e-10 -5.3109e-11  2.4644e-09

Correlation Matrix:

            	          p0          p1          p2          p3          p4          p5
p0          	           1    0.042323    -0.23342    -0.16896   -0.039599     0.33714
p1          	    0.042323           1   -0.035921    0.035097    -0.51541     0.40675
p2          	    -0.23342   -0.035921           1    -0.17729     0.18635     0.29962
p3          	    -0.16896    0.035097    -0.17729           1    -0.38883    -0.15272
p4          	   -0.039599    -0.51541     0.18635    -0.38883           1    -0.61412
p5          	     0.33714     0.40675     0.29962    -0.15272    -0.61412           1
 ``` 
---


 ``` 
 FIT RESULT for run1d ---------------------------------------- 
****************************************
Minimizer is Minuit / Migrad
Chi2                      =  8.69283e-06
NDf                       =          232
Edm                       =   7.1217e-08
NCalls                    =          414
p0                        =    0.0153177   +/-   0.00035902   	 (limited)
p1                        =  1.76462e-05   +/-   1.51958e-09  	 (limited)
p2                        =  3.71235e-06   +/-   4.78856e-09  	 (limited)
p3                        =     0.425469   +/-   0.000146288  	 (limited)
p4                        = -8.64972e-08   +/-   1.84783e-13  	 (limited)
p5                        =   0.00910569   +/-   1.53906e-05  	 (limited)

Covariance Matrix:

            	          p0          p1          p2          p3          p4          p5
p0          	  4.2583e-09  -4.167e-14  1.1344e-13 -7.2783e-06  6.4706e-20  7.6331e-10
p1          	  -4.167e-14   6.736e-17 -4.2353e-17  3.3009e-08 -6.9295e-25  3.2757e-14
p2          	  1.1344e-13 -4.2353e-17  1.1787e-16  1.1759e-08 -7.7055e-27 -9.1236e-14
p3          	 -7.2783e-06  3.3009e-08  1.1759e-08  8.1347e+07  2.6376e-14 -2.4594e-05
p4          	  6.4706e-20 -6.9295e-25 -7.7055e-27  2.6376e-14  3.4145e-26  3.7759e-19
p5          	  7.6331e-10  3.2757e-14 -9.1236e-14 -2.4594e-05  3.7759e-19  2.3737e-10

Correlation Matrix:

            	          p0          p1          p2          p3          p4          p5
p0          	           1   -0.077804     0.16011 -1.2366e-05   0.0053662     0.75922
p1          	   -0.077804           1    -0.47531  0.00044592 -0.00045692     0.25905
p2          	     0.16011    -0.47531           1  0.00012009 -3.8409e-06    -0.54543
p3          	 -1.2366e-05  0.00044592  0.00012009           1  1.5826e-05 -0.00017699
p4          	   0.0053662 -0.00045692 -3.8409e-06  1.5826e-05           1     0.13263
p5          	     0.75922     0.25905    -0.54543 -0.00017699     0.13263           1
 ``` 
---


 ``` 
 FIT RESULT for run2d ---------------------------------------- 
****************************************
Minimizer is Minuit / Migrad
Chi2                      =  1.12394e-05
NDf                       =          232
Edm                       =  1.78782e-08
NCalls                    =          437
p0                        =    0.0178655   +/-   8.12468e-05  	 (limited)
p1                        =  1.64044e-05   +/-   1.27224e-09  	 (limited)
p2                        =  3.42266e-06   +/-   4.8574e-09   	 (limited)
p3                        =    0.0509299   +/-   1.10861e-05  	 (limited)
p4                        = -5.87869e-10   +/-   2.8182e-09   	 (limited)
p5                        =    0.0119203   +/-   1.42572e-05  	 (limited)

Covariance Matrix:

            	          p0          p1          p2          p3          p4          p5
p0          	   1.278e-09           0           0           0           0           0
p1          	           0  9.3848e-17           0           0           0           0
p2          	           0           0  6.2247e-17           0           0           0
p3          	           0           0           0  6.0557e-15           0           0
p4          	           0           0           0           0  1.0298e-21           0
p5          	           0           0           0           0           0  2.0355e-10

Correlation Matrix:

            	          p0          p1          p2          p3          p4          p5
p0          	           1           0           0           0           0           0
p1          	           0           1           0           0           0           0
p2          	           0           0           1           0           0           0
p3          	           0           0           0           1           0           0
p4          	           0           0           0           0           1           0
p5          	           0           0           0           0           0           1
 ``` 
---


 ``` 
 FIT RESULT for run3d ---------------------------------------- 
****************************************
Minimizer is Minuit / Migrad
Chi2                      =  9.94276e-06
NDf                       =          169
Edm                       =  1.32134e-07
NCalls                    =          665
p0                        =    0.0235085   +/-   0.000146615  	 (limited)
p1                        =  1.51269e-05   +/-   1.49875e-09  	 (limited)
p2                        =  3.00785e-06   +/-   4.14145e-09  	 (limited)
p3                        =  5.95081e-06   +/-   0.000176952  	 (limited)
p4                        = -9.34989e-06   +/-   2.17875e-09  	 (limited)
p5                        =    0.0350916   +/-   2.82124e-05  	 (limited)

Covariance Matrix:

            	          p0          p1          p2          p3          p4          p5
p0          	  3.3441e-09  3.4848e-14  1.3479e-13 -1.5197e-11  3.1481e-11  6.7401e-10
p1          	  3.4848e-14  5.8827e-17  2.2658e-18  4.4767e-17 -2.2234e-16  9.2499e-15
p2          	  1.3479e-13  2.2658e-18  7.7563e-17 -1.9181e-16  -9.869e-16 -1.2856e-13
p3          	 -1.5197e-11  4.4767e-17 -1.9181e-16  7.7098e-13 -1.6754e-13 -4.8427e-12
p4          	  3.1481e-11 -2.2234e-16  -9.869e-16 -1.6754e-13  4.5527e-13  1.5891e-11
p5          	  6.7401e-10  9.2499e-15 -1.2856e-13 -4.8427e-12  1.5891e-11  7.9956e-10

Correlation Matrix:

            	          p0          p1          p2          p3          p4          p5
p0          	           1    0.078567     0.26467     -0.2993      0.8068     0.41219
p1          	    0.078567           1    0.033543   0.0066474   -0.042964    0.042651
p2          	     0.26467    0.033543           1   -0.024805    -0.16608    -0.51624
p3          	     -0.2993   0.0066474   -0.024805           1    -0.28278    -0.19505
p4          	      0.8068   -0.042964    -0.16608    -0.28278           1     0.83292
p5          	     0.41219    0.042651    -0.51624    -0.19505     0.83292           1
 ``` 
---


 ``` 
 FIT RESULT for run4d ---------------------------------------- 
****************************************
Minimizer is Minuit / Migrad
Chi2                      =  1.18777e-05
NDf                       =          169
Edm                       =  4.83786e-07
NCalls                    =          480
p0                        =    0.0245685   +/-   8.4179e-05   	 (limited)
p1                        =  1.43949e-05   +/-   1.44093e-09  	 (limited)
p2                        =  2.89223e-06   +/-   5.84321e-09  	 (limited)
p3                        =    0.0509299   +/-   1.33528e-05  	 (limited)
p4                        = -4.32207e-09   +/-   2.98102e-09  	 (limited)
p5                        =    0.0131571   +/-   2.00212e-05  	 (limited)

Covariance Matrix:

            	          p0          p1          p2          p3          p4          p5
p0          	  2.1932e-09           0           0           0           0           0
p1          	           0  6.0864e-17           0           0           0           0
p2          	           0           0  4.0105e-17           0           0           0
p3          	           0           0           0  8.7853e-15           0           0
p4          	           0           0           0           0  9.7179e-21           0
p5          	           0           0           0           0           0  4.0161e-10

Correlation Matrix:

            	          p0          p1          p2          p3          p4          p5
p0          	           1           0           0           0           0           0
p1          	           0           1           0           0           0           0
p2          	           0           0           1           0           0           0
p3          	           0           0           0           1           0           0
p4          	           0           0           0           0           1           0
p5          	           0           0           0           0           0           1
 ``` 
---


 ``` 
 FIT RESULT for run5d ---------------------------------------- 
****************************************
Minimizer is Minuit / Migrad
Chi2                      =  1.32438e-05
NDf                       =          169
Edm                       =  3.37799e-07
NCalls                    =          508
p0                        =    0.0291181   +/-   0.00013605   	 (limited)
p1                        =  1.34745e-05   +/-   1.7458e-09   	 (limited)
p2                        =  2.67381e-06   +/-   5.1443e-09   	 (limited)
p3                        =  0.000354027   +/-   0.000196722  	 (limited)
p4                        = -1.43199e-07   +/-   3.42467e-09  	 (limited)
p5                        =    0.0249129   +/-   3.00259e-05  	 (limited)

Covariance Matrix:

            	          p0          p1          p2          p3          p4          p5
p0          	   4.436e-09 -1.5485e-14   1.845e-13 -1.0546e-11 -2.8525e-14  5.9985e-10
p1          	 -1.5485e-14  4.4987e-17  2.3161e-19 -7.4882e-16  4.1816e-18 -2.2811e-15
p2          	   1.845e-13  2.3161e-19  7.5003e-17  2.7168e-15  4.9114e-18 -1.3025e-13
p3          	 -1.0546e-11 -7.4882e-16  2.7168e-15  5.5838e-11  9.8699e-16 -1.7989e-11
p4          	 -2.8525e-14  4.1816e-18  4.9114e-18  9.8699e-16  2.5547e-15  -4.108e-14
p5          	  5.9985e-10 -2.2811e-15 -1.3025e-13 -1.7989e-11  -4.108e-14  9.0504e-10

Correlation Matrix:

            	          p0          p1          p2          p3          p4          p5
p0          	           1   -0.034662     0.31985    -0.02119  -0.0084735     0.29937
p1          	   -0.034662           1   0.0039872   -0.014941    0.012335   -0.011305
p2          	     0.31985   0.0039872           1    0.041981     0.01122    -0.49993
p3          	    -0.02119   -0.014941    0.041981           1   0.0026132   -0.080022
p4          	  -0.0084735    0.012335     0.01122   0.0026132           1   -0.027016
p5          	     0.29937   -0.011305    -0.49993   -0.080022   -0.027016           1
 ``` 
---


 ``` 
 FIT RESULT for run6d ---------------------------------------- 
****************************************
Minimizer is Minuit / Migrad
Chi2                      =  2.87757e-05
NDf                       =          169
Edm                       =  3.18957e-08
NCalls                    =          198
p0                        =    0.0344675   +/-   0.000187337  	 (limited)
p1                        =  1.27181e-05   +/-   2.99273e-09  	 (limited)
p2                        =   2.4959e-06   +/-   6.55981e-09  	 (limited)
p3                        =  1.70092e-05   +/-   0.000412297  	 (limited)
p4                        = -1.42392e-05   +/-   5.34992e-09  	 (limited)
p5                        =    0.0118028   +/-   4.2892e-05   	 (limited)

Covariance Matrix:

            	          p0          p1          p2          p3          p4          p5
p0          	  1.0658e-08  1.6162e-14  4.1741e-13 -7.4607e-11  1.5489e-13  1.3941e-09
p1          	  1.6162e-14  6.4051e-17  3.5606e-18 -1.3271e-15  3.9727e-18   1.671e-15
p2          	  4.1741e-13  3.5606e-18  1.0804e-16 -1.1367e-15  4.3408e-18 -1.7741e-13
p3          	 -7.4607e-11 -1.3271e-15 -1.1367e-15  2.9922e-11 -8.4887e-16 -2.6287e-11
p4          	  1.5489e-13  3.9727e-18  4.3408e-18 -8.4887e-16   1.692e-16  2.4906e-14
p5          	  1.3941e-09   1.671e-15 -1.7741e-13 -2.6287e-11  2.4906e-14  1.8464e-09

Correlation Matrix:

            	          p0          p1          p2          p3          p4          p5
p0          	           1    0.019561     0.38899    -0.13211     0.11534     0.31427
p1          	    0.019561           1    0.042803   -0.030314    0.038161   0.0048589
p2          	     0.38899    0.042803           1   -0.019992    0.032106    -0.39722
p3          	    -0.13211   -0.030314   -0.019992           1    -0.01193    -0.11184
p4          	     0.11534    0.038161    0.032106    -0.01193           1    0.044559
p5          	     0.31427   0.0048589    -0.39722    -0.11184    0.044559           1
 ``` 
---


 ``` 
 FIT RESULT for run7d ---------------------------------------- 
****************************************
Minimizer is Minuit / Migrad
Chi2                      =  1.78609e-05
NDf                       =          157
Edm                       =  4.86161e-08
NCalls                    =          290
p0                        =     0.038297   +/-   0.000137414  	 (limited)
p1                        =  1.20636e-05   +/-   2.40278e-09  	 (limited)
p2                        =  2.36241e-06   +/-   4.45447e-09  	 (limited)
p3                        =   0.00102685   +/-   0.000297074  	 (limited)
p4                        = -4.82972e-07   +/-   4.53867e-09  	 (limited)
p5                        =   0.00439943   +/-   3.67561e-05  	 (limited)

Covariance Matrix:

            	          p0          p1          p2          p3          p4          p5
p0          	  7.1001e-09  7.2624e-15 -1.7787e-13 -4.5421e-11 -5.7529e-13  1.0208e-09
p1          	  7.2624e-15  3.6305e-17 -1.2411e-18  1.8023e-14  1.3297e-16 -2.2953e-15
p2          	 -1.7787e-13 -1.2411e-18  4.9846e-17  -1.317e-13  1.2135e-16  1.2864e-13
p3          	 -4.5421e-11  1.8023e-14  -1.317e-13  2.0818e-09 -2.5279e-13  1.8776e-11
p4          	 -5.7529e-13  1.3297e-16  1.2135e-16 -2.5279e-13  3.8284e-15 -8.4517e-13
p5          	  1.0208e-09 -2.2953e-15  1.2864e-13  1.8776e-11 -8.4517e-13  1.3564e-09

Correlation Matrix:

            	          p0          p1          p2          p3          p4          p5
p0          	           1    0.014304      -0.299   -0.011814    -0.11034     0.32894
p1          	    0.014304           1   -0.029175    0.065561     0.35668   -0.010344
p2          	      -0.299   -0.029175           1    -0.40885     0.27779     0.49473
p3          	   -0.011814    0.065561    -0.40885           1   -0.089545    0.011173
p4          	    -0.11034     0.35668     0.27779   -0.089545           1    -0.37089
p5          	     0.32894   -0.010344     0.49473    0.011173    -0.37089           1
 ``` 
---


 ``` 
 FIT RESULT for run10d ---------------------------------------- 
****************************************
Minimizer is Minuit / Migrad
Chi2                      =  1.62243e-05
NDf                       =          138
Edm                       =  4.56606e-07
NCalls                    =          413
p0                        =    0.0532279   +/-   0.000104972  	 (limited)
p1                        =  1.06665e-05   +/-   1.63314e-09  	 (limited)
p2                        =  2.00296e-06   +/-   5.65156e-09  	 (limited)
p3                        =   0.00337445   +/-   0.000232831  	 (limited)
p4                        = -2.98827e-06   +/-   2.54757e-09  	 (limited)
p5                        =    -0.025803   +/-   3.43026e-05  	 (limited)

Covariance Matrix:

            	          p0          p1          p2          p3          p4          p5
p0          	  7.6634e-09 -5.8503e-17  8.5191e-17  5.0412e-11 -6.3786e-17   1.668e-09
p1          	 -5.8503e-17  2.2603e-18    1.05e-23  3.0148e-16  5.9334e-21  8.7992e-18
p2          	  8.5191e-17    1.05e-23  1.6015e-20 -4.3587e-19  1.1797e-23 -4.8654e-17
p3          	  5.0412e-11  3.0148e-16 -4.3587e-19  7.8193e-10 -9.4938e-17   6.374e-11
p4          	 -6.3786e-17  5.9334e-21  1.1797e-23 -9.4938e-17  6.5536e-18   8.122e-16
p5          	   1.668e-09  8.7992e-18 -4.8654e-17   6.374e-11   8.122e-16  1.1806e-09

Correlation Matrix:

            	          p0          p1          p2          p3          p4          p5
p0          	           1 -0.00044451   0.0076898    0.020594 -0.00028463     0.55454
p1          	 -0.00044451           1  5.5189e-05   0.0071712   0.0015416  0.00017033
p2          	   0.0076898  5.5189e-05           1 -0.00012317  3.6415e-05   -0.011189
p3          	    0.020594   0.0071712 -0.00012317           1  -0.0013262     0.06634
p4          	 -0.00028463   0.0015416  3.6415e-05  -0.0013262           1   0.0092335
p5          	     0.55454  0.00017033   -0.011189     0.06634   0.0092335           1
 ``` 
---


 ``` 
 FIT RESULT for run0v ---------------------------------------- 
****************************************
Minimizer is Minuit / Migrad
Chi2                      =    0.0108647
NDf                       =          369
Edm                       =  1.79901e-07
NCalls                    =          398
p0                        =     0.116821   +/-   0.000770935  	 (limited)
p1                        =  5.53184e-06   +/-   7.72865e-09  	 (limited)
p2                        =        2e-06   +/-   4.29575e-08  	 (limited)
p3                        =  2.05114e-09   +/-   0.00371735   	 (limited)
p4                        = -5.76975e-06   +/-   2.49911e-08  	 (limited)
p5                        =   -0.0406849   +/-   0.000417898  	 (limited)

Covariance Matrix:

            	          p0          p1          p2          p3          p4          p5
p0          	  5.9434e-07  3.7304e-13 -1.3095e-17 -2.9422e-13  3.4021e-21  2.3915e-07
p1          	  3.7304e-13  8.2114e-17  -2.198e-23   2.442e-18 -3.3059e-26  3.1735e-13
p2          	 -1.3095e-17  -2.198e-23  1.0515e-21 -2.5824e-23  3.2583e-31  2.9819e-17
p3          	 -2.9422e-13   2.442e-18 -2.5824e-23  1.0335e-13 -1.3492e-21  2.0726e-13
p4          	  3.4021e-21 -3.3059e-26  3.2583e-31 -1.3492e-21  5.1051e-17 -1.6463e-21
p5          	  2.3915e-07  3.1735e-13  2.9819e-17  2.0726e-13 -1.6463e-21  1.7499e-07

Correlation Matrix:

            	          p0          p1          p2          p3          p4          p5
p0          	           1    0.053398 -0.00052382  -0.0011871  6.1763e-10     0.74158
p1          	    0.053398           1 -7.4805e-05  0.00083825  -5.106e-10     0.08372
p2          	 -0.00052382 -7.4805e-05           1 -2.4772e-06  1.4064e-12   0.0021984
p3          	  -0.0011871  0.00083825 -2.4772e-06           1 -5.8736e-07   0.0015412
p4          	  6.1763e-10  -5.106e-10  1.4064e-12 -5.8736e-07           1  -5.508e-10
p5          	     0.74158     0.08372   0.0021984   0.0015412  -5.508e-10           1
 ``` 
---


 ``` 
 FIT RESULT for run1v ---------------------------------------- 
****************************************
Minimizer is Minuit / Migrad
Chi2                      =   0.00306465
NDf                       =          432
Edm                       =   2.1961e-07
NCalls                    =          506
p0                        =    0.0829588   +/-   0.000359182  	 (limited)
p1                        =  7.84578e-06   +/-   5.33469e-09  	 (limited)
p2                        =  2.00001e-06   +/-   2.55336e-08  	 (limited)
p3                        =     0.032133   +/-   0.00162403   	 (limited)
p4                        = -3.14072e-07   +/-   1.72947e-08  	 (limited)
p5                        =   -0.0586331   +/-   0.000180398  	 (limited)

Covariance Matrix:

            	          p0          p1          p2          p3          p4          p5
p0          	  1.2901e-07  7.6272e-15 -7.1392e-18  5.0953e-11 -2.2676e-15  4.6018e-08
p1          	  7.6272e-15  3.8691e-17 -3.9678e-24   1.288e-16 -6.0205e-21  5.8553e-15
p2          	 -7.1392e-18 -3.9678e-24  1.5641e-21  1.8082e-20 -7.7534e-25  3.2144e-17
p3          	  5.0953e-11   1.288e-16  1.8082e-20   4.395e-07 -2.9505e-15  3.7384e-11
p4          	 -2.2676e-15 -6.0205e-21 -7.7534e-25 -2.9505e-15  3.5248e-17 -1.6676e-15
p5          	  4.6018e-08  5.8553e-15  3.2144e-17  3.7384e-11 -1.6676e-15  3.2594e-08

Correlation Matrix:

            	          p0          p1          p2          p3          p4          p5
p0          	           1   0.0034138 -0.00050258  0.00021398  -0.0010634     0.70966
p1          	   0.0034138           1 -1.6129e-05  3.1234e-05 -0.00016303   0.0052141
p2          	 -0.00050258 -1.6129e-05           1  6.8967e-07 -3.3022e-06   0.0045021
p3          	  0.00021398  3.1234e-05  6.8967e-07           1 -0.00074964  0.00031235
p4          	  -0.0010634 -0.00016303 -3.3022e-06 -0.00074964           1  -0.0015558
p5          	     0.70966   0.0052141   0.0045021  0.00031235  -0.0015558           1
 ``` 
---


 ``` 
 FIT RESULT for run2v ---------------------------------------- 
****************************************
Minimizer is Minuit / Migrad
Chi2                      =  0.000785024
NDf                       =          494
Edm                       =   2.8904e-07
NCalls                    =          629
p0                        =    0.0632439   +/-   0.000176468  	 (limited)
p1                        =  1.02562e-05   +/-   5.72768e-09  	 (limited)
p2                        =        2e-06   +/-   1.23328e-08  	 (limited)
p3                        =    0.0114184   +/-   0.00124109   	 (limited)
p4                        = -2.21823e-06   +/-   1.1047e-08   	 (limited)
p5                        =   -0.0477421   +/-   0.000105418  	 (limited)

Covariance Matrix:

            	          p0          p1          p2          p3          p4          p5
p0          	  3.1141e-08  6.4738e-14 -5.6871e-19   4.558e-08 -8.3392e-13  1.2788e-08
p1          	  6.4738e-14  3.1371e-17  4.3244e-24 -1.4746e-12 -3.3411e-16   1.195e-13
p2          	 -5.6871e-19  4.3244e-24  2.9003e-21  4.3723e-17  2.7027e-21  8.4226e-18
p3          	   4.558e-08 -1.4746e-12  4.3723e-17   1.765e-06  2.1286e-10 -2.3244e-09
p4          	 -8.3392e-13 -3.3411e-16  2.7027e-21  2.1286e-10  3.5212e-14 -7.4769e-12
p5          	  1.2788e-08   1.195e-13  8.4226e-18 -2.3244e-09 -7.4769e-12  1.1139e-08

Correlation Matrix:

            	          p0          p1          p2          p3          p4          p5
p0          	           1    0.065497 -5.9841e-05     0.19442   -0.025183     0.68663
p1          	    0.065497           1  1.4336e-05    -0.19817    -0.31789     0.20214
p2          	 -5.9841e-05  1.4336e-05           1  0.00061111  0.00026744   0.0014818
p3          	     0.19442    -0.19817  0.00061111           1     0.85383   -0.016578
p4          	   -0.025183    -0.31789  0.00026744     0.85383           1    -0.37753
p5          	     0.68663     0.20214   0.0014818   -0.016578    -0.37753           1
 ``` 
---


 ``` 
 FIT RESULT for run3v ---------------------------------------- 
****************************************
Minimizer is Minuit / Migrad
Chi2                      =  0.000670916
NDf                       =          557
Edm                       =  2.60408e-07
NCalls                    =          643
p0                        =    0.0538276   +/-   0.000149989  	 (limited)
p1                        =  1.22844e-05   +/-   5.97843e-09  	 (limited)
p2                        =        2e-06   +/-   1.07828e-08  	 (limited)
p3                        =    0.0053545   +/-   0.000818716  	 (limited)
p4                        =  -5.1953e-06   +/-   8.84914e-09  	 (limited)
p5                        =   -0.0389818   +/-   0.000130996  	 (limited)

Covariance Matrix:

            	          p0          p1          p2          p3          p4          p5
p0          	  2.2497e-08  2.4094e-14 -3.6476e-19  2.5119e-08  1.4908e-11  7.3311e-09
p1          	  2.4094e-14  3.3767e-17  1.4044e-24 -1.1946e-13 -1.1038e-15  2.5945e-13
p2          	 -3.6476e-19  1.4044e-24  9.4956e-24  5.7621e-18  3.6333e-21  1.9223e-18
p3          	  2.5119e-08 -1.1946e-13  5.7621e-18  1.5179e-07  1.4414e-10 -3.8207e-11
p4          	  1.4908e-11 -1.1038e-15  3.6333e-21  1.4414e-10  3.3644e-13 -5.2348e-11
p5          	  7.3311e-09  2.5945e-13  1.9223e-18 -3.8207e-11 -5.2348e-11  1.7242e-08

Correlation Matrix:

            	          p0          p1          p2          p3          p4          p5
p0          	           1    0.027644 -0.00078919     0.42986     0.17136     0.37223
p1          	    0.027644           1   7.843e-05   -0.052768    -0.32749     0.34003
p2          	 -0.00078919   7.843e-05           1   0.0047996   0.0020328   0.0047507
p3          	     0.42986   -0.052768   0.0047996           1     0.63786 -0.00074684
p4          	     0.17136    -0.32749   0.0020328     0.63786           1     -0.6873
p5          	     0.37223     0.34003   0.0047507 -0.00074684     -0.6873           1
 ``` 
---


 ``` 
 FIT RESULT for run5v ---------------------------------------- 
****************************************
Minimizer is Minuit / Migrad
Chi2                      =  0.000102287
NDf                       =          630
Edm                       =  9.42459e-07
NCalls                    =          622
p0                        =    0.0366346   +/-   3.81489e-05  	 (limited)
p1                        =  1.70106e-05   +/-   3.0462e-09   	 (limited)
p2                        =  2.01423e-06   +/-   1.04063e-08  	 (limited)
p3                        =  0.000920183   +/-   3.04754e-05  	 (limited)
p4                        = -1.42546e-07   +/-   5.26699e-09  	 (limited)
p5                        =   -0.0463226   +/-   1.59734e-05  	 (limited)

Covariance Matrix:

            	          p0          p1          p2          p3          p4          p5
p0          	  1.4554e-09           0           0           0           0           0
p1          	           0  8.7669e-18           0           0           0           0
p2          	           0           0   5.029e-18           0           0           0
p3          	           0           0           0  2.0295e-14           0           0
p4          	           0           0           0           0  7.9788e-19           0
p5          	           0           0           0           0           0  2.5528e-10

Correlation Matrix:

            	          p0          p1          p2          p3          p4          p5
p0          	           1           0           0           0           0           0
p1          	           0           1           0           0           0           0
p2          	           0           0           1           0           0           0
p3          	           0           0           0           1           0           0
p4          	           0           0           0           0           1           0
p5          	           0           0           0           0           0           1
 ``` 
---


 ``` 
 FIT RESULT for run6v ---------------------------------------- 
****************************************
Minimizer is Minuit / Migrad
Chi2                      =  7.63954e-05
NDf                       =          692
Edm                       =   1.4297e-06
NCalls                    =          461
p0                        =    0.0354903   +/-   4.83992e-05  	 (limited)
p1                        =  1.86904e-05   +/-   2.76839e-09  	 (limited)
p2                        =  2.00003e-06   +/-   8.09676e-09  	 (limited)
p3                        =  0.000954444   +/-   0.000325837  	 (limited)
p4                        =  -1.4029e-05   +/-   4.39272e-09  	 (limited)
p5                        =   -0.0217507   +/-   0.000126813  	 (limited)

Covariance Matrix:

            	          p0          p1          p2          p3          p4          p5
p0          	  2.2829e-09 -2.4589e-15  2.5672e-17  4.2689e-09  2.1858e-10 -3.1503e-09
p1          	 -2.4589e-15  6.6269e-18 -1.9759e-21  3.2893e-14 -1.3072e-15  3.8226e-14
p2          	  2.5672e-17 -1.9759e-21  2.9923e-20  1.0933e-15  5.7138e-17 -8.0044e-16
p3          	  4.2689e-09  3.2893e-14  1.0933e-15  2.7493e-08  1.0318e-09 -1.4196e-08
p4          	  2.1858e-10 -1.3072e-15  5.7138e-17  1.0318e-09  5.8557e-11 -9.6387e-10
p5          	 -3.1503e-09  3.8226e-14 -8.0044e-16 -1.4196e-08 -9.6387e-10   1.693e-08

Correlation Matrix:

            	          p0          p1          p2          p3          p4          p5
p0          	           1   -0.019991   0.0031061     0.53884     0.59782    -0.50673
p1          	   -0.019991           1  -0.0044372    0.077063   -0.066358     0.11413
p2          	   0.0031061  -0.0044372           1    0.038119    0.043165   -0.035563
p3          	     0.53884    0.077063    0.038119           1     0.81317    -0.65802
p4          	     0.59782   -0.066358    0.043165     0.81317           1    -0.96806
p5          	    -0.50673     0.11413   -0.035563    -0.65802    -0.96806           1
 ``` 
---


 ``` 
 FIT RESULT for run7v ---------------------------------------- 
****************************************
Minimizer is Minuit / Migrad
Chi2                      =  4.89356e-05
NDf                       =          755
Edm                       =  6.80343e-07
NCalls                    =          254
p0                        =    0.0316562   +/-   3.00938e-05  	 (limited)
p1                        =   2.0802e-05   +/-   2.35122e-09  	 (limited)
p2                        =   2.0741e-06   +/-   4.14549e-09  	 (limited)
p3                        =   0.00126497   +/-   0.000186882  	 (limited)
p4                        = -2.10836e-05   +/-   3.16105e-09  	 (limited)
p5                        =  -0.00195669   +/-   9.48977e-06  	 (limited)

Covariance Matrix:

            	          p0          p1          p2          p3          p4          p5
p0          	  9.0565e-10 -6.4009e-15  -2.816e-14 -1.8075e-10 -5.4672e-14 -2.4815e-11
p1          	 -6.4009e-15  5.1851e-18 -4.0594e-19  2.4575e-15  6.6142e-19  1.7617e-16
p2          	  -2.816e-14 -4.0594e-19  4.8023e-18  1.4305e-15  5.4323e-18  7.4265e-15
p3          	 -1.8075e-10  2.4575e-15  1.4305e-15  2.0459e-10  2.4597e-14  3.0481e-11
p4          	 -5.4672e-14  6.6142e-19  5.4323e-18  2.4597e-14     7.5e-17   3.158e-15
p5          	 -2.4815e-11  1.7617e-16  7.4265e-15  3.0481e-11   3.158e-15  9.0097e-11

Correlation Matrix:

            	          p0          p1          p2          p3          p4          p5
p0          	           1   -0.093408      -0.427    -0.41991    -0.20978   -0.086872
p1          	   -0.093408           1   -0.081349    0.075453     0.03354   0.0081506
p2          	      -0.427   -0.081349           1    0.045636     0.28624     0.35703
p3          	    -0.41991    0.075453    0.045636           1     0.19856     0.22451
p4          	    -0.20978     0.03354     0.28624     0.19856           1    0.038417
p5          	   -0.086872   0.0081506     0.35703     0.22451    0.038417           1
 ``` 
---


 ``` 
 FIT RESULT for run8v ---------------------------------------- 
****************************************
Minimizer is Minuit / Migrad
Chi2                      =  1.22088e-05
NDf                       =          405
Edm                       =  8.57408e-07
NCalls                    =          948
p0                        =    0.0258334   +/-   8.94285e-05  	 (limited)
p1                        =  2.32826e-05   +/-   2.27114e-09  	 (limited)
p2                        =  2.02458e-06   +/-   5.57782e-09  	 (limited)
p3                        =    0.0131253   +/-   0.00014212   	 (limited)
p4                        = -1.10494e-05   +/-   2.18066e-09  	 (limited)
p5                        =   -0.0247507   +/-   3.64518e-05  	 (limited)

Covariance Matrix:

            	          p0          p1          p2          p3          p4          p5
p0          	  1.6045e-09  3.3449e-14  3.3495e-14 -2.7391e-08 -5.9196e-12 -3.0625e-10
p1          	  3.3449e-14  1.2128e-17  8.1346e-18 -1.0362e-12 -2.8249e-16 -4.1227e-15
p2          	  3.3495e-14  8.1346e-18  1.2378e-17 -9.9707e-13 -1.5899e-16 -1.2529e-14
p3          	 -2.7391e-08 -1.0362e-12 -9.9707e-13   1.071e-06  3.6963e-10 -9.4434e-09
p4          	 -5.9196e-12 -2.8249e-16 -1.5899e-16  3.6963e-10  1.5941e-13  -9.246e-12
p5          	 -3.0625e-10 -4.1227e-15 -1.2529e-14 -9.4434e-09  -9.246e-12  1.3487e-09

Correlation Matrix:

            	          p0          p1          p2          p3          p4          p5
p0          	           1     0.23979     0.23768    -0.66077    -0.37014    -0.20818
p1          	     0.23979           1     0.66393    -0.28753    -0.20317   -0.032235
p2          	     0.23768     0.66393           1    -0.27385    -0.11318   -0.096963
p3          	    -0.66077    -0.28753    -0.27385           1     0.89458    -0.24847
p4          	    -0.37014    -0.20317    -0.11318     0.89458           1    -0.63057
p5          	    -0.20818   -0.032235   -0.096963    -0.24847    -0.63057           1
 ``` 
---


 ``` 
 FIT RESULT for run9v ---------------------------------------- 
****************************************
Minimizer is Minuit / Migrad
Chi2                      =   0.00444671
NDf                       =          413
Edm                       =  7.65326e-07
NCalls                    =          816
p0                        =  1.99296e-06   +/-   0.0176392    	 (limited)
p1                        =  3.13998e-05   +/-   4.62995e-08  	 (limited)
p2                        =  8.23687e-06   +/-   9.74327e-08  	 (limited)
p3                        =     0.999411   +/-   0.00229257   	 (limited)
p4                        = -7.40278e-06   +/-   3.02691e-08  	 (limited)
p5                        =    -0.022767   +/-   0.000349839  	 (limited)

Covariance Matrix:

            	          p0          p1          p2          p3          p4          p5
p0          	  4.6149e-10  1.2588e-15 -7.2197e-15 -4.2502e-14 -1.5703e-15  5.7317e-10
p1          	  1.2588e-15   1.653e-15 -9.9759e-21 -3.7976e-19 -2.4426e-20  1.6821e-15
p2          	 -7.2197e-15 -9.9759e-21  3.9974e-15  4.9312e-19  1.7383e-20 -9.1833e-15
p3          	 -4.2502e-14 -3.7976e-19  4.9312e-19  1.2674e-08 -2.1785e-14 -6.9037e-11
p4          	 -1.5703e-15 -2.4426e-20  1.7383e-20 -2.1785e-14  1.2144e-15 -1.0826e-11
p5          	  5.7317e-10  1.6821e-15 -9.1833e-15 -6.9037e-11 -1.0826e-11  1.2285e-07

Correlation Matrix:

            	          p0          p1          p2          p3          p4          p5
p0          	           1   0.0014413  -0.0053156 -1.7574e-05  -0.0020976    0.076122
p1          	   0.0014413           1 -3.8809e-06  -8.297e-08  -1.724e-05  0.00011804
p2          	  -0.0053156 -3.8809e-06           1   6.928e-08  7.8897e-06  -0.0004144
p3          	 -1.7574e-05  -8.297e-08   6.928e-08           1  -0.0055529  -0.0017495
p4          	  -0.0020976  -1.724e-05  7.8897e-06  -0.0055529           1     -0.8863
p5          	    0.076122  0.00011804  -0.0004144  -0.0017495     -0.8863           1
 ``` 
---


 ``` 
 FIT RESULT for run10v ---------------------------------------- 
****************************************
Minimizer is Minuit / Migrad
Chi2                      =   0.00323064
NDf                       =          401
Edm                       =   2.0869e-05
NCalls                    =          954
p0                        =    0.0180718   +/-   0.322296     	 (limited)
p1                        =  4.16634e-05   +/-   5.21565e-08  	 (limited)
p2                        =  3.99024e-05   +/-   9.22664e-08  	 (limited)
p3                        =     0.998279   +/-   0.00142508   	 (limited)
p4                        = -8.09328e-06   +/-   6.82654e-08  	 (limited)
p5                        =    -0.016131   +/-   0.00305262   	 (limited)

Covariance Matrix:

            	          p0          p1          p2          p3          p4          p5
p0          	   6.638e-05 -5.6932e-11  6.9852e-10 -1.1151e-06 -4.1127e-10  6.8297e-05
p1          	 -5.6932e-11  1.7348e-14  1.1275e-15  1.3115e-12   6.205e-16  -5.905e-11
p2          	  6.9852e-10  1.1275e-15  2.1417e-12   1.858e-11  7.0965e-15  6.6605e-10
p3          	 -1.1151e-06  1.3115e-12   1.858e-11  7.9199e-05 -2.0862e-10 -7.3589e-07
p4          	 -4.1127e-10   6.205e-16  7.0965e-15 -2.0862e-10   5.407e-15  -4.435e-10
p5          	  6.8297e-05  -5.905e-11  6.6605e-10 -7.3589e-07  -4.435e-10  7.0454e-05

Correlation Matrix:

            	          p0          p1          p2          p3          p4          p5
p0          	           1   -0.053053    0.058584   -0.015379    -0.68648     0.99868
p1          	   -0.053053           1   0.0058495   0.0011189    0.064067   -0.053412
p2          	    0.058584   0.0058495           1   0.0014266    0.065946    0.054222
p3          	   -0.015379   0.0011189   0.0014266           1    -0.31879  -0.0098513
p4          	    -0.68648    0.064067    0.065946    -0.31879           1    -0.71855
p5          	     0.99868   -0.053412    0.054222  -0.0098513    -0.71855           1
 ``` 
---


 ``` 
 FIT RESULT for run11v ---------------------------------------- 
****************************************
Minimizer is Minuit / Migrad
Chi2                      =   0.00300409
NDf                       =          485
Edm                       =  5.13788e-06
NCalls                    =          894
p0                        =     0.036641   +/-   0.00529488   	 (limited)
p1                        =  4.49662e-05   +/-   5.1954e-08   	 (limited)
p2                        =  4.45511e-05   +/-   5.53616e-08  	 (limited)
p3                        =     0.999664   +/-   0.00241792   	 (limited)
p4                        = -8.14932e-06   +/-   6.0578e-08   	 (limited)
p5                        =  -0.00891558   +/-   0.00134041   	 (limited)

Covariance Matrix:

            	          p0          p1          p2          p3          p4          p5
p0          	  1.9315e-06  2.6425e-13 -9.9391e-11  -1.803e-08  -5.821e-12  1.9269e-06
p1          	  2.6425e-13  3.0861e-15  7.6887e-16 -4.1515e-14 -8.3157e-17  3.8435e-13
p2          	 -9.9391e-11  7.6887e-16  2.4928e-12 -1.6622e-11 -2.5778e-14 -1.7283e-11
p3          	  -1.803e-08 -4.1515e-14 -1.6622e-11  7.5352e-06 -1.8467e-11  2.0004e-09
p4          	  -5.821e-12 -8.3157e-17 -2.5778e-14 -1.8467e-11  1.9784e-15 -1.7127e-11
p5          	  1.9269e-06  3.8435e-13 -1.7283e-11  2.0004e-09 -1.7127e-11  2.0037e-06

Correlation Matrix:

            	          p0          p1          p2          p3          p4          p5
p0          	           1   0.0034226   -0.045295   -0.004726   -0.094165     0.97947
p1          	   0.0034226           1   0.0087661 -0.00027224   -0.033654   0.0048877
p2          	   -0.045295   0.0087661           1  -0.0038352    -0.36707  -0.0077334
p3          	   -0.004726 -0.00027224  -0.0038352           1    -0.15125  0.00051482
